!Name stacks rps padding stddev width length paired flank
#paired_narrow
test 1
exp_a  50      100    5000     0.1     400     80      10    2000  
exp_b  50      100    5000     0.2     400     80      10    2000  

test 2
exp_a  50      100    5000     0.2     400     80      10    2000  
exp_b  50      100    5000     0.3     400     80      10    2000  

test 3
exp_a  50      300    5000     0.1     400     80      10    2000  
exp_b  50      300    5000     0.2     400     80      10    2000  

test 4
exp_a  50      300    5000     0.2     400     80      10    2000  
exp_b  50      300    5000     0.3     400     80      10    2000  

test 5
exp_a  50      500    5000     0.1     400     80      10    2000  
exp_b  50      500    5000     0.2     400     80      10    2000  

test 6
exp_a  50      500    5000     0.2     400     80      10    2000  
exp_b  50      500    5000     0.3     400     80      10    2000  


#paired_broad
test 1
exp_a  50      100    10000     0.1    1500     80      10    2000 
exp_b  50      100    10000     0.2    1500     80      10    2000 

test 2
exp_a  50      100    10000     0.2    1500     80      10    2000 
exp_b  50      100    10000     0.3    1500     80      10    2000

test 3
exp_a  50      300    10000     0.1    1500     80      10    2000  
exp_b  50      300    10000     0.2    1500     80      10    2000 

test 4
exp_a  50      300    10000     0.2    1500     80      10    2000 
exp_b  50      300    10000     0.3    1500     80      10    2000 

test 5
exp_a  50      500    10000     0.1    1500     80      10    2000 
exp_b  50      500    10000     0.2    1500     80      10    2000 

test 6
exp_a  50      500    10000     0.2    1500     80      10    2000 
exp_b  50      500    10000     0.3    1500     80      10    2000

#single_narrow
test 1
exp_a  50      100    5000     0.1     400     80      \    2000  
exp_b  50      100    5000     0.2     400     80      \    2000  

test 2
exp_a  50      100    5000     0.2     400     80      \    2000  
exp_b  50      100    5000     0.3     400     80      \    2000  

test 3
exp_a  50      300    5000     0.1     400     80      \    2000  
exp_b  50      300    5000     0.2     400     80      \    2000  

test 4
exp_a  50      300    5000     0.2     400     80      \    2000  
exp_b  50      300    5000     0.3     400     80      \    2000  

test 5
exp_a  50      500    5000     0.1     400     80      \    2000  
exp_b  50      500    5000     0.2     400     80      \    2000  

test 6
exp_a  50      500    5000     0.2     400     80      \    2000  
exp_b  50      500    5000     0.3     400     80      \    2000  


#single_broad
test 1
exp_a  50      100    10000     0.1    1500     80      \    2000 
exp_b  50      100    10000     0.2    1500     80      \    2000 

test 2
exp_a  50      100    10000     0.2    1500     80      \    2000 
exp_b  50      100    10000     0.3    1500     80      \    2000

test 3
exp_a  50      300    10000     0.1    1500     80      \    2000  
exp_b  50      300    10000     0.2    1500     80      \    2000 

test 4
exp_a  50      300    10000     0.2    1500     80      \    2000 
exp_b  50      300    10000     0.3    1500     80      \    2000 

test 5
exp_a  50      500    10000     0.1    1500     80      \    2000 
exp_b  50      500    10000     0.2    1500     80      \    2000 

test 6
exp_a  50      500    10000     0.2    1500     80      \    2000 
exp_b  50      500    10000     0.3    1500     80      \    2000 
